daynum,id,date,retweet_count,reply_count,like_count,quote_count
1,1543250339385823232,2022-07-02,1,1,1,0
2,1543252557954514944,2022-07-02,0,0,0,0
3,1544366260342890497,2022-07-05,1,1,2,0
4,1544758709561303041,2022-07-06,1,1,4,0
5,1545117522613207043,2022-07-07,4,0,5,0
6,1545446006136897536,2022-07-08,4,0,2,0
7,1547713647815733250,2022-07-14,2,0,4,0
8,1547993617137954822,2022-07-15,6,0,6,0
9,1548334043460018178,2022-07-16,3,1,6,0
10,1548722515379458050,2022-07-17,2,0,7,0
11,1549151425418219525,2022-07-18,2,2,7,0
12,1554210080802967558,2022-08-01,5,0,6,0
13,1558191455402921985,2022-08-12,8,0,3,0
14,1558762543904169985,2022-08-14,15,2,9,0
15,1561328865305321473,2022-08-21,6,0,7,0
16,1561835199213838340,2022-08-22,6,1,7,0
17,1562179840664653824,2022-08-23,10,1,8,0
18,1562476098428219393,2022-08-24,8,1,10,0
19,1562853199744466945,2022-08-25,3,0,3,0
20,1565068098067128320,2022-08-31,4,0,2,0
21,1565115297635393538,2022-09-01,7,0,13,0
22,1565780451389734915,2022-09-02,2,0,3,0
23,1567267419491631106,2022-09-06,4,1,4,0
24,1567627459410919424,2022-09-07,2,1,4,0
25,1567929821103013889,2022-09-08,5,3,4,0
26,1568290890136932356,2022-09-09,4,0,4,0
27,1568710841410650112,2022-09-10,6,0,5,0
28,1569025458745839617,2022-09-11,3,0,5,0
29,1569407287311073281,2022-09-12,7,0,4,0
30,1569578806306013190,2022-09-13,7,1,12,0
31,1570141207472242690,2022-09-14,11,0,10,0
32,1570663146305589248,2022-09-16,8,0,8,0
33,1571060491702931457,2022-09-17,6,1,8,0
34,1571614391224647682,2022-09-18,5,1,12,0
35,1571966424771448837,2022-09-19,14,0,9,0
36,1572297792189595651,2022-09-20,10,0,11,0
37,1573013894745964546,2022-09-22,7,0,6,0
38,1573362387746684929,2022-09-23,9,1,12,0
39,1573600909564731392,2022-09-24,10,1,11,0
40,1573971871179186178,2022-09-25,9,0,6,0
41,1574510939864530944,2022-09-26,6,0,6,0
42,1574878488397488159,2022-09-27,5,1,6,0
43,1575217028066967552,2022-09-28,6,0,8,0
44,1575527322916102145,2022-09-29,6,0,7,1
45,1575884558104305671,2022-09-30,6,0,7,0
46,1576119915232186369,2022-10-01,11,0,11,0
47,1576663280730660864,2022-10-02,18,0,8,0
48,1576975706189627393,2022-10-03,10,0,12,0
49,1577377889053556736,2022-10-04,4,1,6,0
50,1577775981191995398,2022-10-05,4,1,4,0
51,1578140510933643264,2022-10-06,9,0,7,0
52,1578441776620265472,2022-10-07,12,0,11,0
53,1578840342618865665,2022-10-08,14,0,12,0
54,1579218013563518977,2022-10-09,16,0,14,0
55,1579601659126501377,2022-10-10,14,0,3,0
56,1581584411111608320,2022-10-16,11,1,12,0
57,1584263301487218688,2022-10-23,8,1,6,0
58,1587537403220303875,2022-11-01,6,0,7,0
59,1589722510563905536,2022-11-07,15,0,6,0
